0	93,3
0	100,87
0	70,12
0	81,76
0	93,47
0	85,74
0	76,94
0	93,46
0	60,68
0	72,60
0	79,43
0	88,98
0	96,66
0	86,43
0	73,93
0	83,33
0	81,86
0	61,36
0	87,75
0	62,69
0	70,23
0	99,54
0	100,60
0	96,47
0	99,10
0	75,7
0	72,80
0	96,22
0	74,35
0	99,52
0	89,27
0	61,50
0	66,47
0	61,37
0	89,6
0	81,28
0	80,99
1	39,29
1	2,44
1	2,43
1	17,1
1	7,32
1	49,40
1	23,15
1	53,14
1	59,19
1	6,18
1	21,42
1	20,37
1	5,36
1	23,38
1	5,42
1	12,43
1	55,22
1	34,30
1	20,47
1	19,44
1	41,25
1	37,17
1	38,31
1	37,20
1	23,39
1	24,33
1	48,42
2	6,73
2	39,54
2	43,54
2	55,98
2	37,78
2	57,74
2	23,95
2	57,93
2	20,97
2	41,57
2	7,83
2	7,86
2	13,68
2	29,60
2	42,82
2	13,93
2	54,67
2	17,70
2	58,74
2	46,94
2	45,74
2	5,76
2	61,82
2	45,78
2	15,62
2	8,80
2	0,82
2	31,74
2	3,58
2	44,86
2	10,77
2	2,80
2	20,74
2	56,68
2	16,58
2	37,53
